[gd_scene load_steps=11 format=3 uid="uid://c4s8ow6yghgsm"]

[ext_resource type="Script" path="res://scripts/enemies/skeleton/Skeleton.gd" id="1_ncl1y"]
[ext_resource type="Script" path="res://scripts/enemies/skeleton/SceletonVision.gd" id="2_3x841"]
[ext_resource type="Script" path="res://scripts/enemies/skeleton/SceletonSword.gd" id="2_ano41"]

[sub_resource type="CapsuleShape3D" id="CapsuleShape3D_8j4cn"]

[sub_resource type="StandardMaterial3D" id="StandardMaterial3D_1h8k3"]
albedo_color = Color(0.823343, 0, 0.201703, 1)

[sub_resource type="CapsuleMesh" id="CapsuleMesh_jav3w"]
material = SubResource("StandardMaterial3D_1h8k3")

[sub_resource type="StandardMaterial3D" id="StandardMaterial3D_yd8v2"]
albedo_color = Color(0, 0, 0, 1)

[sub_resource type="BoxMesh" id="BoxMesh_igcpd"]
material = SubResource("StandardMaterial3D_yd8v2")

[sub_resource type="BoxMesh" id="BoxMesh_hsvwq"]

[sub_resource type="ConvexPolygonShape3D" id="ConvexPolygonShape3D_j81o4"]
points = PackedVector3Array(0.5, 0.5, 0.5, 0.5, 0.5, -0.5, -0.5, 0.5, 0.5, 0.5, -0.5, 0.5, 0.5, -0.5, -0.5, -0.5, 0.5, -0.5, -0.5, -0.5, 0.5, -0.5, -0.5, -0.5)

[node name="Enemy" type="CharacterBody3D" node_paths=PackedStringArray("attack_timer", "nav_agent", "vision_controller", "sword")]
collision_layer = 4
collision_mask = 15
script = ExtResource("1_ncl1y")
attack_timer = NodePath("attack_timer")
nav_agent = NodePath("NavigationAgent3D")
vision_controller = NodePath("vision_raycast_controller")
sword = NodePath("Sword")
speed = 2.0
metadata/speed = 0.0

[node name="attack_timer" type="Timer" parent="."]
wait_time = 0.7

[node name="CollisionShape3D" type="CollisionShape3D" parent="."]
shape = SubResource("CapsuleShape3D_8j4cn")

[node name="MeshInstance3D" type="MeshInstance3D" parent="CollisionShape3D"]
mesh = SubResource("CapsuleMesh_jav3w")
skeleton = NodePath("../..")

[node name="MeshInstance3D2" type="MeshInstance3D" parent="CollisionShape3D"]
transform = Transform3D(0.5, 0, 0, 0, 0.5, 0, 0, 0, 0.1, 0, 0.5, -0.5)
mesh = SubResource("BoxMesh_igcpd")
skeleton = NodePath("../..")

[node name="NavigationAgent3D" type="NavigationAgent3D" parent="."]

[node name="vision_raycast_controller" type="Node" parent="." node_paths=PackedStringArray("raycasts")]
script = ExtResource("2_3x841")
raycasts = [NodePath("RayCast3D"), NodePath("RayCast3D2"), NodePath("RayCast3D3"), NodePath("RayCast3D4"), NodePath("RayCast3D5"), NodePath("RayCast3D6"), NodePath("RayCast3D7")]

[node name="vision_timer" type="Timer" parent="vision_raycast_controller"]
wait_time = 0.05
autostart = true

[node name="RayCast3D" type="RayCast3D" parent="vision_raycast_controller"]
target_position = Vector3(0, 0, -12)
collision_mask = 11
debug_shape_custom_color = Color(1, 0, 0, 1)

[node name="RayCast3D2" type="RayCast3D" parent="vision_raycast_controller"]
transform = Transform3D(0.707107, 0, -0.707107, 0, 1, 0, 0.707107, 0, 0.707107, 0, 0, 0)
target_position = Vector3(0, 0, -12)
collision_mask = 11
debug_shape_custom_color = Color(1, 0, 0, 1)

[node name="RayCast3D3" type="RayCast3D" parent="vision_raycast_controller"]
transform = Transform3D(0.866025, 0, -0.5, 0, 1, 0, 0.5, 0, 0.866025, 0, 0, 0)
target_position = Vector3(0, 0, -12)
collision_mask = 11
debug_shape_custom_color = Color(1, 0, 0, 1)

[node name="RayCast3D4" type="RayCast3D" parent="vision_raycast_controller"]
transform = Transform3D(0.965926, 0, -0.258819, 0, 1, 0, 0.258819, 0, 0.965926, 0, 0, 0)
target_position = Vector3(0, 0, -12)
collision_mask = 11
debug_shape_custom_color = Color(1, 0, 0, 1)

[node name="RayCast3D5" type="RayCast3D" parent="vision_raycast_controller"]
transform = Transform3D(0.707107, 0, 0.707107, 0, 1, 0, -0.707107, 0, 0.707107, 0, 0, 0)
target_position = Vector3(0, 0, -12)
collision_mask = 11
debug_shape_custom_color = Color(1, 0, 0, 1)

[node name="RayCast3D6" type="RayCast3D" parent="vision_raycast_controller"]
transform = Transform3D(0.866025, 0, 0.5, 0, 1, 0, -0.5, 0, 0.866025, 0, 0, 0)
target_position = Vector3(0, 0, -12)
collision_mask = 11
debug_shape_custom_color = Color(1, 0, 0, 1)

[node name="RayCast3D7" type="RayCast3D" parent="vision_raycast_controller"]
transform = Transform3D(0.965926, 0, 0.258819, 0, 1, 0, -0.258819, 0, 0.965926, 0, 0, 0)
target_position = Vector3(0, 0, -12)
collision_mask = 11
debug_shape_custom_color = Color(1, 0, 0, 1)

[node name="Sword" type="Area3D" parent="." node_paths=PackedStringArray("attack_timer")]
transform = Transform3D(0.544639, -0.838671, 0, 0.72631, 0.471671, 0.5, -0.419335, -0.27232, 0.866026, 0, 0, 0)
collision_mask = 11
script = ExtResource("2_ano41")
sword_speed = 10.0
attack_timer = NodePath("../attack_timer")

[node name="sword_model" type="MeshInstance3D" parent="Sword"]
transform = Transform3D(0.1, -1.49012e-08, -7.45058e-09, -9.31323e-09, 1.5, -1.86265e-09, -3.72529e-09, -4.47035e-08, 0.1, -0.3, 1.083, -0.246)
mesh = SubResource("BoxMesh_hsvwq")
skeleton = NodePath("")

[node name="sword_collision" type="CollisionShape3D" parent="Sword"]
transform = Transform3D(0.1, -1.49012e-08, -7.45058e-09, -9.31323e-09, 1.5, -1.86265e-09, -3.72529e-09, -4.47035e-08, 0.1, -0.3, 1.083, -0.246)
shape = SubResource("ConvexPolygonShape3D_j81o4")

[connection signal="player_seen" from="vision_raycast_controller" to="." method="_on_vision_raycast_controller_player_seen"]
[connection signal="timeout" from="vision_raycast_controller/vision_timer" to="." method="_on_vision_timer_timeout"]
[connection signal="body_entered" from="Sword" to="." method="_on_sword_body_entered"]
